tree
version=v4
num_class=1
num_tree_per_iteration=1
label_index=0
max_feature_idx=7
objective=regression
feature_names=temperature_2m_mean precipitation_sum wind_speed_10m_mean weekday temp_diff temp_10d_avg weather_code shortwave_radiation_sum
feature_infos=[2.8999999999999999:32.200000000000003] [0:95.5] [3.6000000000000001:35.600000000000001] [0:5] [-6.9800000000000004:4.1300000000000026] [4.1200000000000001:30.440000000000005] [0:73] [1.8300000000000001:28.420000000000002]
tree_sizes=915 965 971 1050 974 887 887 982 974 973 1057 969 971 977 1060

Tree=0
num_leaves=10
num_cat=0
split_feature=1 0 3 3 3 5 7 7 4
split_gain=84.1656 48.9847 32.0082 16.8964 21.1368 12.6571 9.0237 22.1601 5.625
threshold=13.150000000000002 19.650000000000002 3.5000000000000004 3.5000000000000004 4.5000000000000009 26.345000000000006 9.8700000000000028 11.595000000000001 1.277500000000001
decision_type=2 2 2 2 2 2 2 2 2
left_child=1 3 5 6 -5 8 -1 -8 -3
right_child=-2 2 -4 4 -6 -7 7 -9 -10
leaf_value=2.4755725212452062 2.4346634320520066 2.6205725188610205 2.7380725193825612 2.6801179771453119 2.5398582348213417 2.5769238718716365 2.6217263676283014 2.4965402628922808 2.6955725170728813
leaf_weight=20 33 20 32 22 21 37 26 31 20
leaf_count=20 33 20 32 22 21 37 26 31 20
internal_value=2.58397 2.60549 2.65401 2.56141 2.61162 2.61908 2.53336 2.55364 2.65807
internal_weight=262 229 109 120 43 77 77 57 40
internal_count=262 229 109 120 43 77 77 57 40
is_linear=0
shrinkage=1


Tree=1
num_leaves=10
num_cat=0
split_feature=1 0 3 3 3 5 7 7 4
split_gain=68.1741 39.6776 25.9266 13.6861 17.1208 10.2522 7.30919 17.9497 4.55625
threshold=13.150000000000002 19.650000000000002 3.5000000000000004 3.5000000000000004 4.5000000000000009 26.345000000000006 9.8700000000000028 11.595000000000001 1.277500000000001
decision_type=2 2 2 2 2 2 2 2 2
left_child=1 3 5 6 -5 8 -1 -8 -3
right_child=-2 2 -4 4 -6 -7 7 -9 -10
leaf_value=-0.09755725175142288 -0.13437543764258877 0.032942746281623844 0.13869274742901325 0.086533652652393697 -0.039700110185713997 -0.0063410338517781856 0.033981210337235383 -0.078686286172559183 0.10044275104999544
leaf_weight=20 33 20 32 22 21 37 26 31 20
leaf_count=20 33 20 32 22 21 37 26 31 20
internal_value=-8.5312e-10 0.0193641 0.0630391 -0.0203073 0.0248846 0.0315986 -0.0455443 -0.0272941 0.0666927
internal_weight=262 229 109 120 43 77 77 57 40
internal_count=262 229 109 120 43 77 77 57 40
is_linear=0
shrinkage=0.1


Tree=2
num_leaves=10
num_cat=0
split_feature=1 0 3 4 0 2 5 2 4
split_gain=55.221 32.4308 26.2023 26.633 14.2278 13.3753 14.5711 13.8567 7.18135
threshold=13.150000000000002 19.050000000000004 1.5000000000000002 1.7900000000000011 27.200000000000006 7.3500000000000005 6.4900000000000011 13.500000000000002 -1.0000000180025095e-35
decision_type=2 2 2 2 2 2 2 2 2
left_child=1 5 -3 4 -4 6 -1 8 -7
right_child=-2 2 3 -5 -6 7 -8 -9 -10
leaf_value=-0.030801725523038344 -0.12093788782755535 -0.013457517849432455 0.097430072352290162 0.18821154810488225 -0.0044249792893727626 -0.042960921525955202 0.087133592814207073 0.019140275146650232 -0.1192070437329156
leaf_weight=22 33 37 32 20 24 30 20 23 21
leaf_count=22 33 37 32 20 24 30 20 23 21
internal_value=-9.66869e-11 0.0174277 0.0555563 0.0891552 0.0537779 -0.0197148 0.0253579 -0.0452966 -0.0743564
internal_weight=262 229 113 76 56 116 42 74 51
internal_count=262 229 113 76 56 116 42 74 51
is_linear=0
shrinkage=0.1


Tree=3
num_leaves=11
num_cat=0
split_feature=1 7 1 3 0 2 5 4 4 0
split_gain=44.729 28.4965 17.9368 23.4037 19.6796 12.2898 11.8026 10.1014 7.42909 6.75461
threshold=13.150000000000002 13.895000000000001 0.25000000000000006 1.5000000000000002 25.050000000000004 7.3500000000000005 6.4900000000000011 -1.5650000000000011 0.41500000000000009 26.750000000000004
decision_type=2 2 2 2 2 2 2 2 2 2
left_child=1 5 3 -3 -5 6 -1 -7 -9 -4
right_child=-2 2 9 4 -6 7 -8 8 -10 -11
leaf_value=-0.027721550112420862 -0.10884410395766751 0.00051351216706362643 0.04063634746349775 0.065783993216852341 0.20009581387042999 -0.099910815513652315 0.078420231044292465 0.027238146215677262 -0.052560276112386166 -0.032932337000966073
leaf_weight=22 33 22 26 24 20 23 20 20 28 24
leaf_count=22 33 22 26 24 20 23 20 20 28 24
internal_value=-5.63059e-10 0.015685 0.0505017 0.0847277 0.126835 -0.0200561 0.0228222 -0.0454208 -0.0193109 0.00532338
internal_weight=262 229 116 66 44 113 42 71 48 50
internal_count=262 229 116 66 44 113 42 71 48 50
is_linear=0
shrinkage=0.1


Tree=4
num_leaves=10
num_cat=0
split_feature=1 7 4 4 3 4 7 3 5
split_gain=36.2305 24.5842 13.0868 16.7576 10.6415 10.4479 5.88351 9.88599 7.52621
threshold=13.150000000000002 21.860000000000003 1.7900000000000011 1.0900000000000019 2.5000000000000004 0.28499999999999842 11.665000000000001 3.5000000000000004 20.585000000000004
decision_type=2 2 2 2 2 2 2 2 2
left_child=1 2 3 5 -3 6 7 -1 -8
right_child=-2 4 -4 -5 -6 -7 8 -9 -10
leaf_value=-0.032103287722125194 -0.09795969367930385 0.024209570884704591 0.057018800510157799 -0.10155826121568681 0.11254836464300753 0.049630059969836271 -0.089346176669711175 0.054437941786917778 -0.0036314293835312131
leaf_weight=33 33 25 29 20 30 29 21 22 20
leaf_count=33 33 25 29 20 30 29 21 22 20
internal_value=-9.02885e-11 0.0141165 -0.00430471 -0.0165694 0.0723944 -0.0029712 -0.0188612 0.0025132 -0.0475341
internal_weight=262 229 174 145 55 125 96 55 41
internal_count=262 229 174 145 55 125 96 55 41
is_linear=0
shrinkage=0.1


Tree=5
num_leaves=9
num_cat=0
split_feature=1 0 3 4 0 2 4 0
split_gain=29.3467 20.975 17.1367 19.4445 11.6155 8.94597 9.00951 3.78157
threshold=13.150000000000002 19.050000000000004 1.5000000000000002 1.7900000000000011 27.550000000000004 6.0000000000000009 -1.2550000000000006 11.450000000000001
decision_type=2 2 2 2 2 2 2 2
left_child=1 5 -3 4 -4 -1 -7 -8
right_child=-2 2 3 -5 -6 6 7 -9
leaf_value=0.040237578652291134 -0.088163722103292305 -0.012443901699137044 0.078333720945837834 0.15517934180796147 -0.014240930423788404 0.0061644713465984057 -0.027946380853652954 -0.080607085675001147
leaf_weight=22 33 37 33 20 23 39 25 30
leaf_count=22 33 37 33 20 23 39 25 30
internal_value=2.16124e-10 0.0127048 0.0433684 0.0705402 0.040312 -0.0171658 -0.0306006 -0.0566704
internal_weight=262 229 113 76 56 116 94 55
internal_count=262 229 113 76 56 116 94 55
is_linear=0
shrinkage=0.1


Tree=6
num_leaves=9
num_cat=0
split_feature=7 1 5 2 7 4 4 0
split_gain=27.4896 17.331 14.8048 14.099 8.15882 6.79766 7.10674 4.89915
threshold=13.245000000000003 0.25000000000000006 22.885000000000002 7.3500000000000005 10.565000000000003 -1.4750000000000003 0.30499999999999977 26.750000000000004
decision_type=2 2 2 2 2 2 2 2
left_child=3 2 -2 4 -1 -5 -7 -3
right_child=1 7 -4 5 -6 6 -8 -9
leaf_value=-0.027725077784132392 0.021943448173503081 0.019841594321112481 0.11395860200419146 -0.08671585083813281 0.060424228864056732 0.012745090032165701 -0.060629920102655888 -0.038423939463165073
leaf_weight=21 36 31 34 37 21 22 33 27
leaf_count=21 36 31 34 37 21 22 33 27
internal_value=-1.15171e-10 0.0331422 0.0666365 -0.0316582 0.0163496 -0.0535748 -0.0312799 -0.00728202
internal_weight=262 128 70 134 42 92 55 58
internal_count=262 128 70 134 42 92 55 58
is_linear=0
shrinkage=0.1


Tree=7
num_leaves=10
num_cat=0
split_feature=7 1 4 4 4 3 4 4 2
split_gain=23.4373 14.6497 9.44127 12.223 8.09582 7.74796 2.9823 6.81632 0.637483
threshold=21.860000000000003 13.150000000000002 1.7900000000000011 1.0900000000000019 0.38999999999999974 3.5000000000000004 -1.5650000000000011 -1.0349999999999964 9.1500000000000004
decision_type=2 2 2 2 2 2 2 2 2
left_child=1 2 3 4 6 -2 -1 -8 -9
right_child=5 -3 -4 -5 -6 -7 7 8 -10
leaf_value=-0.037745139205148201 0.026311169282505011 -0.077778471587225798 0.047928531082539721 -0.087159896865487099 0.047936759680509568 0.10191901753778043 0.045882913358509546 -0.013300664045593956 -0.037968586347997192
leaf_weight=38 33 32 29 20 25 23 20 22 20
leaf_count=38 33 32 29 20 25 23 20 22 20
internal_value=-1.37077e-11 -0.0155942 -0.00415802 -0.0145753 -0.00296179 0.0573644 -0.0156864 -0.00216658 -0.0250473
internal_weight=262 206 174 145 125 56 100 62 42
internal_count=262 206 174 145 125 56 100 62 42
is_linear=0
shrinkage=0.1


Tree=8
num_leaves=10
num_cat=0
split_feature=0 1 3 1 5 0 3 4 5
split_gain=20.2782 23.0421 10.9739 9.81363 9.41194 10.4086 6.61643 6.25386 6.90016
threshold=20.950000000000003 8.2500000000000018 3.5000000000000004 1.0000000180025095e-35 25.190000000000001 28.250000000000004 4.5000000000000009 1.0900000000000019 13.348750000000003
decision_type=2 2 2 2 2 2 2 2 2
left_child=1 2 7 -2 -5 -6 -4 8 -1
right_child=3 -3 6 4 5 -7 -8 -9 -10
leaf_value=-0.040811240947560265 0.077194723037674162 -0.11844498704780232 0.071069701303812599 0.058940159689102857 -0.05365298028503146 0.039480457046911832 -0.0048533611620465919 -0.078151994980871678 0.026834109190851455
leaf_weight=38 34 22 22 28 28 21 24 20 25
leaf_count=38 34 22 22 28 28 21 24 20 25
internal_value=-2.88283e-10 -0.0238527 -0.00772063 0.0324482 0.01269 -0.0137386 0.0314577 -0.0294339 -0.0139678
internal_weight=262 151 129 111 77 49 46 83 63
internal_count=262 151 129 111 77 49 46 83 63
is_linear=0
shrinkage=0.1


Tree=9
num_leaves=10
num_cat=0
split_feature=2 0 1 4 4 4 0 7 2
split_gain=17.8319 20.068 11.6077 12.9801 10.0209 8.25403 7.4883 9.43155 11.7269
threshold=22.550000000000004 19.050000000000004 2.7500000000000004 0.094999999999997989 -1.2550000000000006 -1.5650000000000011 28.550000000000004 21.035000000000004 12.250000000000002
decision_type=2 2 2 2 2 2 2 2 2
left_child=1 2 3 5 -3 -1 7 8 -6
right_child=-2 4 -4 -5 6 -7 -8 -9 -10
leaf_value=-0.018152385935760462 -0.086167241768403499 -0.027505633980035783 -0.083045395029087865 -0.050952913180777909 -0.01891396193765104 0.057185824396032287 0.0040163546263311915 0.11208137802979244 0.083819895889610058
leaf_weight=26 22 20 24 38 20 33 26 28 25
leaf_count=26 22 20 24 38 20 33 26 28 25
internal_value=-1.74534e-10 0.00789866 -0.0207779 -0.00537155 0.0370572 0.0239859 0.0501002 0.0665137 0.0381604
internal_weight=262 240 121 97 119 59 99 73 45
internal_count=262 240 121 97 119 59 99 73 45
is_linear=0
shrinkage=0.1


Tree=10
num_leaves=11
num_cat=0
split_feature=3 3 7 7 5 0 7 4 4 4
split_gain=15.8102 29.3985 14.3537 12.932 6.95574 15.3207 14.3445 2.63859 1.81092 0.77351
threshold=3.5000000000000004 4.5000000000000009 11.305000000000001 9.8700000000000028 20.585000000000004 26.750000000000004 11.595000000000001 0.094999999999997989 -0.2150000000000005 -0.99500000000000088
decision_type=2 2 2 2 2 2 2 2 2 2
left_child=3 2 -2 9 6 -6 -5 -8 -3 -1
right_child=1 8 -4 4 5 -7 7 -9 -10 -11
leaf_value=-0.052284180298447613 0.031651378297246992 -0.043375343558463182 0.14748565334340799 0.029011603829360778 0.080913880861435958 -0.02042679982525962 -0.033660680390894419 -0.083324617762928432 -0.0023206393589221296 -0.079763128785859977
leaf_weight=20 20 22 23 31 26 35 20 23 21 21
leaf_count=20 20 22 23 31 26 35 20 23 21 21
internal_value=4.13763e-10 0.0351419 0.0936092 -0.0171716 -0.00223331 0.0227676 -0.0228422 -0.0602251 -0.0233254 -0.0663588
internal_weight=262 86 43 176 135 61 74 43 43 41
internal_count=262 86 43 176 135 61 74 43 43 41
is_linear=0
shrinkage=0.1


Tree=11
num_leaves=10
num_cat=0
split_feature=3 4 2 0 0 0 4 7 4
split_gain=13.3288 18.8597 12.7967 10.2867 9.14421 9.1394 7.76981 6.41882 5.15895
threshold=2.5000000000000004 1.7900000000000011 15.400000000000002 20.950000000000003 23.950000000000003 26.750000000000004 0.094999999999997989 11.845000000000001 -1.5650000000000011
decision_type=2 2 2 2 2 2 2 2 2
left_child=3 2 4 6 7 -5 8 -2 -1
right_child=1 -3 -4 5 -6 -7 -8 -9 -10
leaf_value=-0.055376589223742494 0.03086598043330014 0.1095038434268818 -0.058472563962762562 0.052306865817970706 0.083345986232161523 -0.02997269729773204 -0.081515047151376224 -0.033726823154836896 0.013391391513869167
leaf_weight=20 40 21 24 27 20 27 34 25 24
leaf_count=20 40 21 24 27 20 27 34 25 24
internal_value=3.76795e-10 0.0227279 0.0060096 -0.0223835 0.0242163 0.0111671 -0.0456109 0.00602259 -0.0178668
internal_weight=262 130 109 132 85 54 78 65 44
internal_count=262 130 109 132 85 54 78 65 44
is_linear=0
shrinkage=0.1


Tree=12
num_leaves=10
num_cat=0
split_feature=7 2 1 3 0 0 0 4 4
split_gain=12.5785 9.39472 9.15549 9.79481 11.8647 5.5853 4.77177 3.98537 4.87002
threshold=13.245000000000003 7.3500000000000005 0.35000000000000003 1.5000000000000002 25.050000000000004 6.9000000000000012 26.750000000000004 -1.4750000000000003 0.30499999999999977
decision_type=2 2 2 2 2 2 2 2 2
left_child=1 5 3 -2 -5 -1 -4 -3 -9
right_child=2 7 6 4 -6 -7 -8 8 -10
leaf_value=-0.020473190359771253 -0.0078298965226049014 -0.064681195538188963 0.019268387195964656 0.028659962303936484 0.12809459936051143 0.05254340759393844 -0.039262680365489078 0.01421000896529718 -0.046530516262194427
leaf_weight=20 23 37 30 28 21 22 26 22 33
leaf_count=20 23 37 30 28 21 22 26 22 33
internal_value=-2.93971e-10 -0.0214149 0.0224187 0.0460052 0.0712748 0.0177736 -0.00790675 -0.0393053 -0.0222343
internal_weight=262 134 128 72 49 42 56 92 55
internal_count=262 134 128 72 49 42 56 92 55
is_linear=0
shrinkage=0.1


Tree=13
num_leaves=10
num_cat=0
split_feature=2 0 1 4 4 0 7 2 4
split_gain=10.6129 11.8723 8.35307 9.83502 6.50835 5.45821 6.65262 9.42677 5.26013
threshold=22.550000000000004 19.050000000000004 2.7500000000000004 0.094999999999997989 -1.2049999999999998 28.550000000000004 21.035000000000004 12.350000000000003 -1.5650000000000011
decision_type=2 2 2 2 2 2 2 2 2
left_child=1 2 3 8 -3 6 7 -6 -1
right_child=-2 4 -4 -5 5 -7 -8 -9 -10
leaf_value=-0.010978419455484702 -0.066475294394926596 -0.021999207245452065 -0.068784683089082449 -0.042570693928160167 -0.021424143537878991 7.4009769237958476e-05 0.091633235077772823 0.071533919754377479 0.049163984634320847
leaf_weight=26 22 21 24 38 20 26 28 24 33
leaf_count=26 22 21 24 38 20 26 28 24 33
internal_value=1.31162e-10 0.00609357 -0.0159632 -0.00289396 0.028521 0.0393468 0.0535286 0.0292803 0.0226606
internal_weight=262 240 121 97 119 98 72 44 59
internal_count=262 240 121 97 119 98 72 44 59
is_linear=0
shrinkage=0.1


Tree=14
num_leaves=11
num_cat=0
split_feature=3 3 7 7 7 5 4 4 5 4
split_gain=9.74988 23.4283 9.78062 7.89125 5.84435 7.36778 6.89606 7.68482 1.86975 0.779513
threshold=3.5000000000000004 4.5000000000000009 11.305000000000001 9.8700000000000028 23.245000000000005 13.348750000000003 -0.99500000000000088 0.55000000000000082 19.500000000000004 -0.99500000000000088
decision_type=2 2 2 2 2 2 2 2 2 2
left_child=3 2 -2 9 5 -5 -7 -8 -3 -1
right_child=1 8 -4 4 -6 6 7 -9 -10 -11
leaf_value=-0.037778657581657174 0.028646314051002264 -0.0022356583178043364 0.12426406222841013 -0.032714543367425603 -0.050293430473123284 -0.021625220178005597 0.092216566577553755 0.015279007786129778 -0.044042435207444691 -0.065364031067916328
leaf_weight=20 20 20 23 33 21 24 20 37 23 21
leaf_count=20 20 20 23 33 21 24 20 37 23 21
internal_value=3.67908e-10 0.0275966 0.0797907 -0.0134847 -0.0018155 0.00711464 0.0233413 0.0422746 -0.0245974 -0.0519078
internal_weight=262 86 43 176 135 114 81 57 43 41
internal_count=262 86 43 176 135 114 81 57 43 41
is_linear=0
shrinkage=0.1


end of trees

feature_importances:
temp_diff=36
temperature_2m_mean=23
weekday=20
shortwave_radiation_sum=20
precipitation_sum=14
wind_speed_10m_mean=12
temp_10d_avg=11

parameters:
[boosting: gbdt]
[objective: regression]
[metric: rmse]
[tree_learner: serial]
[device_type: cpu]
[data_sample_strategy: bagging]
[data: ]
[valid: ]
[num_iterations: 100]
[learning_rate: 0.1]
[num_leaves: 31]
[num_threads: 0]
[seed: 42]
[deterministic: 0]
[force_col_wise: 0]
[force_row_wise: 0]
[histogram_pool_size: -1]
[max_depth: -1]
[min_data_in_leaf: 20]
[min_sum_hessian_in_leaf: 0.001]
[bagging_fraction: 1]
[pos_bagging_fraction: 1]
[neg_bagging_fraction: 1]
[bagging_freq: 0]
[bagging_seed: 400]
[bagging_by_query: 0]
[feature_fraction: 1]
[feature_fraction_bynode: 1]
[feature_fraction_seed: 30056]
[extra_trees: 0]
[extra_seed: 12879]
[early_stopping_round: 0]
[early_stopping_min_delta: 0]
[first_metric_only: 0]
[max_delta_step: 0]
[lambda_l1: 0]
[lambda_l2: 0]
[linear_lambda: 0]
[min_gain_to_split: 0]
[drop_rate: 0.1]
[max_drop: 50]
[skip_drop: 0.5]
[xgboost_dart_mode: 0]
[uniform_drop: 0]
[drop_seed: 17869]
[top_rate: 0.2]
[other_rate: 0.1]
[min_data_per_group: 100]
[max_cat_threshold: 32]
[cat_l2: 10]
[cat_smooth: 10]
[max_cat_to_onehot: 4]
[top_k: 20]
[monotone_constraints: ]
[monotone_constraints_method: basic]
[monotone_penalty: 0]
[feature_contri: ]
[forcedsplits_filename: ]
[refit_decay_rate: 0.9]
[cegb_tradeoff: 1]
[cegb_penalty_split: 0]
[cegb_penalty_feature_lazy: ]
[cegb_penalty_feature_coupled: ]
[path_smooth: 0]
[interaction_constraints: ]
[verbosity: -1]
[saved_feature_importance_type: 0]
[use_quantized_grad: 0]
[num_grad_quant_bins: 4]
[quant_train_renew_leaf: 0]
[stochastic_rounding: 1]
[linear_tree: 0]
[max_bin: 255]
[max_bin_by_feature: ]
[min_data_in_bin: 3]
[bin_construct_sample_cnt: 200000]
[data_random_seed: 175]
[is_enable_sparse: 1]
[enable_bundle: 1]
[use_missing: 1]
[zero_as_missing: 0]
[feature_pre_filter: 1]
[pre_partition: 0]
[two_round: 0]
[header: 0]
[label_column: ]
[weight_column: ]
[group_column: ]
[ignore_column: ]
[categorical_feature: ]
[forcedbins_filename: ]
[precise_float_parser: 0]
[parser_config_file: ]
[objective_seed: 16083]
[num_class: 1]
[is_unbalance: 0]
[scale_pos_weight: 1]
[sigmoid: 1]
[boost_from_average: 1]
[reg_sqrt: 0]
[alpha: 0.9]
[fair_c: 1]
[poisson_max_delta_step: 0.7]
[tweedie_variance_power: 1.5]
[lambdarank_truncation_level: 30]
[lambdarank_norm: 1]
[label_gain: ]
[lambdarank_position_bias_regularization: 0]
[eval_at: ]
[multi_error_top_k: 1]
[auc_mu_weights: ]
[num_machines: 1]
[local_listen_port: 12400]
[time_out: 120]
[machine_list_filename: ]
[machines: ]
[gpu_platform_id: -1]
[gpu_device_id: -1]
[gpu_use_dp: 0]
[num_gpu: 1]

end of parameters

pandas_categorical:[]
