tree
version=v4
num_class=1
num_tree_per_iteration=1
label_index=0
max_feature_idx=7
objective=regression
feature_names=temperature_2m_mean precipitation_sum wind_speed_10m_mean weekday temp_diff temp_10d_avg weather_code shortwave_radiation_sum
feature_infos=[2.8999999999999999:32.200000000000003] [0:95.5] [3.6000000000000001:35.600000000000001] [0:5] [-6.9800000000000004:4.1300000000000026] [4.1200000000000001:30.440000000000005] [0:73] [1.8300000000000001:28.420000000000002]
tree_sizes=847 890 888 899 795 968 1053 971 875 972 813 962 976 971 877 970 890 971 891 973 1043 977 1044 1064 978 957 977 1046 976 1052 1034 1052 811 1064 977

Tree=0
num_leaves=9
num_cat=0
split_feature=1 3 3 7 3 4 3 1
split_gain=132.947 95.5992 122.667 17.5952 13.1635 10.2808 4.5584 3.27273
threshold=8.2500000000000018 3.5000000000000004 4.5000000000000009 20.080000000000002 1.5000000000000002 0.70500000000000063 1.0000000180025095e-35 1.0000000180025095e-35
decision_type=2 2 2 2 2 2 2 2
left_child=1 3 -3 4 6 -6 -1 -5
right_child=-2 2 -4 7 5 -7 -8 -9
leaf_value=3.6968476100707077 3.5586709698647945 3.983884643327265 3.7279017400889742 3.7924705062555324 3.6161068698377101 3.7061068689436403 3.7561068691224544 3.7379250515746127
leaf_weight=27 39 36 39 22 30 22 25 22
leaf_count=27 39 36 39 22 30 22 25 22
internal_value=3.72901 3.7588 3.85077 3.71219 3.68976 3.65418 3.72534 3.7652
internal_weight=262 223 75 148 104 52 52 44
internal_count=262 223 75 148 104 52 52 44
is_linear=0
shrinkage=1


Tree=1
num_leaves=9
num_cat=0
split_feature=1 3 3 7 3 4 0 4
split_gain=107.687 77.4353 99.3603 14.2521 10.6624 8.32742 4.45011 3.15158
threshold=8.2500000000000018 3.5000000000000004 4.5000000000000009 20.080000000000002 1.5000000000000002 0.70500000000000063 16.350000000000005 0.55000000000000082
decision_type=2 2 2 2 2 2 2 2
left_child=1 3 -3 4 6 -6 -1 -5
right_child=-2 2 -4 7 5 -7 -8 -9
leaf_value=0.023780848085880282 -0.15330299689219551 0.22938930939676033 -0.00099529998424725667 0.00456247478723526 -0.10161068797111512 -0.020610687813975598 -0.034900809824466708 0.058144255500772728
leaf_weight=28 39 36 39 21 30 22 24 23
leaf_count=28 39 36 39 21 30 22 24 23
internal_value=-2.03327e-10 0.0268108 0.109589 -0.0151377 -0.0353222 -0.0673415 -0.00330299 0.0325711
internal_weight=262 223 75 148 104 52 52 44
internal_count=262 223 75 148 104 52 52 44
is_linear=0
shrinkage=0.1


Tree=2
num_leaves=9
num_cat=0
split_feature=1 3 3 3 0 2 4 4
split_gain=87.2263 62.7226 80.4818 11.6863 17.9591 7.82652 5.16732 2.69184
threshold=8.2500000000000018 3.5000000000000004 4.5000000000000009 1.5000000000000002 10.800000000000002 11.050000000000002 -0.60666666666666635 1.8250000000000013
decision_type=2 2 2 2 2 2 2 2
left_child=1 3 -3 6 -5 -6 -1 -8
right_child=-2 2 -4 4 5 -7 7 -9
leaf_value=-0.022113236288229626 -0.13797269937319634 0.20645037935011917 -0.00089577413522280182 -0.12213730156421661 0.036516506615139187 -0.040301097060243291 0.057367327511310573 0.0094059064984321605
leaf_weight=24 39 36 39 20 21 36 25 22
leaf_count=24 39 36 39 20 21 36 25 22
internal_value=-9.04307e-10 0.0241298 0.0986304 -0.0136239 -0.040607 -0.0119999 0.0156394 0.0349173
internal_weight=262 223 75 148 77 57 71 47
internal_count=262 223 75 148 77 57 71 47
is_linear=0
shrinkage=0.1


Tree=3
num_leaves=9
num_cat=0
split_feature=1 3 3 7 3 4 3 1
split_gain=70.6533 50.8053 65.1903 10.5828 6.63688 6.04435 3.57837 2.62066
threshold=8.2500000000000018 3.5000000000000004 4.5000000000000009 20.080000000000002 1.5000000000000002 0.70500000000000063 1.0000000180025095e-35 1.0000000180025095e-35
decision_type=2 2 2 2 2 2 2 2
left_child=1 3 -3 4 6 -6 -1 -5
right_child=-2 2 -4 7 5 -7 -8 -9
leaf_value=-0.029635145763556164 -0.12417542368937762 0.1858053442504671 -0.00080619316834669842 0.053254565020853829 -0.084112602770328532 -0.015103791654109956 0.022868862688541415 0.0044445123184810986
leaf_weight=27 39 36 39 22 30 22 25 22
leaf_count=27 39 36 39 22 30 22 25 22
internal_value=6.45527e-10 0.0217168 0.0887673 -0.0122615 -0.0296547 -0.0549166 -0.00439283 0.0288495
internal_weight=262 223 75 148 104 52 52 44
internal_count=262 223 75 148 104 52 52 44
is_linear=0
shrinkage=0.1


Tree=4
num_leaves=8
num_cat=0
split_feature=1 3 3 4 7 7 5
split_gain=57.2292 41.1523 52.8041 8.74005 7.39238 7.76817 3.7197
threshold=8.2500000000000018 3.5000000000000004 4.5000000000000009 -1.5650000000000011 20.080000000000002 11.025 19.500000000000004
decision_type=2 2 2 2 2 2 2
left_child=1 3 -3 -1 5 -5 -7
right_child=-2 2 -4 4 -6 6 -8
leaf_value=-0.06247965163654752 -0.11175788541634878 0.167224806216028 -0.00072557498247195513 0.01734140950280267 0.03628439498253358 -0.076655576527118685 -0.018795990705490113
leaf_weight=27 39 36 39 37 39 20 25
leaf_count=27 39 36 39 37 39 20 25
internal_value=-1.02374e-09 0.0195451 0.0798906 -0.0110354 0.000443903 -0.0166022 -0.0445114
internal_weight=262 223 75 148 121 82 45
internal_count=262 223 75 148 121 82 45
is_linear=0
shrinkage=0.1


Tree=5
num_leaves=10
num_cat=0
split_feature=7 1 3 0 3 5 0 4 3
split_gain=50.0634 25.9774 21.819 21.3229 18.6618 8.84457 4.10674 4.0239 3.75692
threshold=20.080000000000002 8.2500000000000018 3.5000000000000004 7.6000000000000005 3.5000000000000004 17.050000000000001 23.500000000000004 -0.40499999999999975 1.5000000000000002
decision_type=2 2 2 2 2 2 2 2 2
left_child=1 3 8 7 5 -5 -7 -1 -2
right_child=2 -3 -4 4 -6 6 -8 -9 -10
leaf_value=-0.10158333420753479 0.055171873737126592 -0.10314619556270742 0.13088159081526102 0.035305217137703529 0.081483159760634111 -0.066399849082032836 -0.0084875298738479616 -0.040252476736255316 -0.0029764504134655
leaf_weight=20 20 37 32 26 30 24 25 23 25
leaf_count=20 20 37 32 26 30 24 25 23 25
internal_value=1.87686e-10 -0.0282013 0.0677563 -0.00946505 0.0148252 -0.011838 -0.0368527 -0.0687785 0.0228672
internal_weight=262 185 77 148 105 75 49 43 45
internal_count=262 185 77 148 105 75 49 43 45
is_linear=0
shrinkage=0.1


Tree=6
num_leaves=11
num_cat=0
split_feature=7 1 3 0 2 1 1 2 7 4
split_gain=40.5513 21.8417 18.5163 13.8878 23.1371 8.02279 8.01408 5.88325 3.61218 3.25936
threshold=20.080000000000002 19.850000000000005 2.5000000000000004 7.6000000000000005 8.8500000000000032 4.7000000000000011 0.15000000000000005 12.800000000000002 12.285000000000002 -0.40499999999999975
decision_type=2 2 2 2 2 2 2 2 2 2
left_child=1 3 -2 9 -5 7 -4 -6 -9 -1
right_child=2 -3 6 4 5 -7 -8 8 -10 -11
leaf_value=-0.091425002366304409 0.00282896681164857 -0.12140300454837936 0.14007857510447502 0.077187709696590903 0.037626232410019098 -0.074354249645363205 0.055151108428835874 -0.05318296752546145 0.0034951842643997887 -0.036227230533309611
leaf_weight=20 32 21 25 32 22 22 20 23 22 23
leaf_count=20 32 21 25 32 22 22 20 23 22 23
internal_value=6.52281e-10 -0.0253812 0.0609807 -0.0130857 0.00426179 -0.0219588 0.102333 -0.00475428 -0.0254736 -0.0619006
internal_weight=262 185 77 164 121 89 45 67 45 43
internal_count=262 185 77 164 121 89 45 67 45 43
is_linear=0
shrinkage=0.1


Tree=7
num_leaves=10
num_cat=0
split_feature=7 1 3 0 3 5 3 4 7
split_gain=32.8466 17.6918 15.0077 11.2491 19.3188 8.55635 3.62173 3.46422 3.20919
threshold=20.080000000000002 19.850000000000005 3.5000000000000004 7.6000000000000005 3.5000000000000004 14.835000000000001 1.5000000000000002 -0.12000000000000009 10.395000000000001
decision_type=2 2 2 2 2 2 2 2 2
left_child=1 3 6 8 5 -5 -2 -7 -1
right_child=2 -3 -4 4 -6 7 -8 -9 -10
leaf_value=-0.02774874596368699 0.049371787239797418 -0.10926270633935929 0.1072357559693046 0.033375436965037475 0.069085866235422372 -0.060862379696439296 -0.0077207118272781374 -0.015020744083449245 -0.082401364906267691
leaf_weight=21 20 21 32 22 33 34 25 32 22
leaf_count=21 20 21 32 22 33 34 25 32 22
internal_value=3.52978e-10 -0.022843 0.0548826 -0.0117771 0.00383561 -0.0206332 0.0176537 -0.0386361 -0.0557106
internal_weight=262 185 77 164 121 88 45 66 43
internal_count=262 185 77 164 121 88 45 66 43
is_linear=0
shrinkage=0.1


Tree=8
num_leaves=9
num_cat=0
split_feature=7 3 3 3 5 4 5 2
split_gain=28.8392 18.6976 66.187 7.06409 6.63153 5.41107 5.01483 4.02138
threshold=9.3800000000000008 3.5000000000000004 4.5000000000000009 1.5000000000000002 20.585000000000004 -1.9249999999999996 17.050000000000001 13.15
decision_type=2 2 2 2 2 2 2 2
left_child=5 3 -3 6 -5 -1 -2 -8
right_child=1 2 -4 4 -6 -7 7 -9
leaf_value=-0.10037981006114378 0.056673642123738925 0.17443647715825075 -0.027334380220319778 -0.052979342448405735 0.0079299767134767603 -0.037577478868051378 0.030915222299240888 -0.030263535542921591
leaf_weight=23 24 29 37 39 33 34 21 22
leaf_count=23 24 29 37 39 33 34 21 22
internal_value=1.1406e-10 0.0174945 0.0613225 -0.00331594 -0.0250626 -0.0629188 0.0200536 -0.000385538
internal_weight=262 205 66 139 72 57 67 43
internal_count=262 205 66 139 72 57 67 43
is_linear=0
shrinkage=0.1


Tree=9
num_leaves=10
num_cat=0
split_feature=7 1 3 0 2 1 1 5 7
split_gain=24.4082 12.4951 12.3805 8.96093 15.8017 5.70569 5.68565 4.32414 2.87954
threshold=20.080000000000002 19.850000000000005 2.5000000000000004 7.6000000000000005 8.8500000000000032 0.15000000000000005 4.7000000000000011 19.915000000000003 10.395000000000001
decision_type=2 2 2 2 2 2 2 2 2
left_child=1 3 -2 8 -5 -4 7 -6 -1
right_child=2 -3 5 4 6 -7 -8 -9 -10
leaf_value=-0.023116353526711465 -0.00024002319260034712 -0.092318159625643784 0.11297307593375445 0.063810027681756767 -0.031855904286106428 0.041313307210803035 -0.06223442805084315 0.019232889647419388 -0.074885942041873932
leaf_weight=21 32 21 25 32 30 20 22 37 22
leaf_count=21 32 21 25 32 30 20 22 37 22
internal_value=2.15057e-10 -0.0196914 0.0473105 -0.0103917 0.003543 0.0811243 -0.018126 -0.00364269 -0.0496031
internal_weight=262 185 77 164 121 45 89 67 43
internal_count=262 185 77 164 121 45 89 67 43
is_linear=0
shrinkage=0.1


Tree=10
num_leaves=8
num_cat=0
split_feature=7 3 3 3 0 5 3
split_gain=20.5259 13.2393 52.5233 5.91306 4.83289 4.64548 4.39541
threshold=9.3800000000000008 3.5000000000000004 4.5000000000000009 1.5000000000000002 18.150000000000002 20.140000000000004 1.0000000180025095e-35
decision_type=2 2 2 2 2 2 2
left_child=4 3 -3 6 -1 -5 -2
right_child=1 2 -4 5 -6 -7 -8
leaf_value=-0.079747999922162111 -0.0058620407219444007 0.15240318569643746 -0.027338150219135993 -0.048764946934367934 -0.021286049657143081 0.0020564806471402583 0.045415605447487906
leaf_weight=31 35 29 37 35 26 37 32
leaf_count=31 35 29 37 35 26 37 32
internal_value=4.91255e-10 0.0147591 0.0516391 -0.0027522 -0.0530811 -0.0226484 0.0186288
internal_weight=262 205 66 139 57 72 67
internal_count=262 205 66 139 57 72 67
is_linear=0
shrinkage=0.1


Tree=11
num_leaves=10
num_cat=0
split_feature=4 1 3 3 0 3 5 0 7
split_gain=18.3641 16.4252 13.5806 37.3944 8.54262 12.2953 4.73022 10.3804 7.80948
threshold=-1.5650000000000011 4.7000000000000011 3.5000000000000004 4.5000000000000009 10.800000000000002 2.5000000000000004 26.610000000000003 22.950000000000003 11.025
decision_type=2 2 2 2 2 2 2 2 2
left_child=4 2 6 -4 -1 -6 7 8 -2
right_child=1 -3 3 -5 5 -7 -8 -9 -10
leaf_value=-0.10193972051143647 0.034797063802905155 -0.050101745930133446 0.15507530673192099 -0.0087761299638077616 -0.077338220085948706 0.033545831113588068 -0.034537594816224142 0.080769263412803424 -0.031698302767778699
leaf_weight=20 33 33 26 30 20 20 22 20 38
leaf_count=20 33 33 26 30 20 20 22 20 38
internal_value=2.03682e-10 0.0144289 0.0270296 0.0672978 -0.0485774 -0.0218962 0.00707368 0.0171335 -0.000792006
internal_weight=262 202 169 56 60 40 113 91 71
internal_count=262 202 169 56 60 40 113 91 71
is_linear=0
shrinkage=0.1


Tree=12
num_leaves=10
num_cat=0
split_feature=7 1 4 4 7 5 3 7 1
split_gain=16.2029 8.37406 8.28858 11.7403 16.4564 12.9451 8.06987 6.98874 3.74933
threshold=20.080000000000002 19.850000000000005 1.5699999999999983 -1.3100000000000007 11.305000000000001 13.730000000000002 2.5000000000000004 10.135000000000002 0.15000000000000005
decision_type=2 2 2 2 2 2 2 2 2
left_child=1 2 3 5 7 -1 -2 -5 -8
right_child=6 -3 -4 4 -6 -7 8 -9 -10
leaf_value=-0.097974295713938786 0.00015648800472263248 -0.075499540993145542 -0.054995826601741772 0.027933068613714092 -0.023550249797266887 0.0052166535128508849 0.091663795083761213 0.10677012851969764 0.033574197867419574
leaf_weight=20 32 21 31 23 37 31 25 22 20
leaf_count=20 32 21 31 23 37 31 25 22 20
internal_value=-1.03996e-10 -0.0160437 -0.00843046 0.00242312 0.0258542 -0.0352504 0.0385466 0.0664756 0.0658462
internal_weight=262 185 164 133 82 51 77 45 45
internal_count=262 185 164 133 82 51 77 45 45
is_linear=0
shrinkage=0.1


Tree=13
num_leaves=10
num_cat=0
split_feature=7 1 4 4 7 0 3 7 0
split_gain=13.1243 6.78299 6.71375 9.50966 13.3297 10.5482 6.53659 5.66088 3.15741
threshold=20.080000000000002 19.850000000000005 1.5699999999999983 -1.3100000000000007 11.305000000000001 15.250000000000002 2.5000000000000004 10.135000000000002 26.350000000000005
decision_type=2 2 2 2 2 2 2 2 2
left_child=1 2 3 5 7 -1 -2 -5 -8
right_child=6 -3 -4 4 -6 -7 8 -9 -10
leaf_value=-0.0729435747223241 0.00014083935238886624 -0.067949587390536359 -0.04949624323316159 0.025139761886194996 -0.021195224008044682 0.018453364527743796 0.034483740820238994 0.096093115041201771 0.087579099080037512
leaf_weight=28 32 21 31 23 37 23 24 22 21
leaf_count=28 32 21 31 23 37 23 24 22 21
internal_value=-3.73595e-10 -0.0144393 -0.00758742 0.0021808 0.0232688 -0.0317253 0.0346919 0.0598281 0.0592616
internal_weight=262 185 164 133 82 51 77 45 45
internal_count=262 185 164 133 82 51 77 45 45
is_linear=0
shrinkage=0.1


Tree=14
num_leaves=9
num_cat=0
split_feature=1 0 2 3 5 6 1 0
split_gain=11.5064 18.1236 15.419 11.9965 6.43563 4.17762 8.64719 1.94317
threshold=0.45000000000000007 7.6000000000000005 12.65 3.5000000000000004 17.845000000000002 62.000000000000007 1.7500000000000002 19.050000000000004
decision_type=2 2 2 2 2 2 2 2
left_child=1 -1 3 -3 -2 6 -6 -4
right_child=4 2 7 -5 5 -7 -8 -9
leaf_value=-0.041566620316160353 -0.059081558365788725 0.038751501590013504 0.021937058628960091 0.13199979496950454 -0.031328069566128151 -0.037601952460305448 0.054477805433713868 -0.016922830585991182
leaf_weight=38 36 37 22 22 24 29 23 31
leaf_count=38 36 37 22 22 24 29 23 31
internal_value=5.75145e-10 0.0181085 0.0383554 0.0735221 -0.0242525 -0.00775448 0.010662 -0.000792311
internal_weight=262 150 112 59 112 76 47 53
internal_count=262 150 112 59 112 76 47 53
is_linear=0
shrinkage=0.1


Tree=15
num_leaves=10
num_cat=0
split_feature=4 1 5 3 3 3 5 0 7
split_gain=10.4509 8.63456 10.0676 9.6292 29.3045 5.69254 5.30963 6.06096 6.72289
threshold=-1.5650000000000011 4.7000000000000011 5.7550000000000017 3.5000000000000004 4.5000000000000009 2.5000000000000004 26.610000000000003 22.950000000000003 10.905000000000003
decision_type=2 2 2 2 2 2 2 2 2
left_child=5 2 -2 6 -5 -1 7 8 -4
right_child=1 -3 3 4 -6 -7 -8 -9 -10
leaf_value=-0.069574603338592819 -0.046597803183831277 -0.035902645913037386 0.049974220246076589 0.14768134815537412 -0.0059241195243817796 -0.0078334724646992992 -0.032429173559119756 0.070639587752521035 -0.020571405413959708
leaf_weight=28 20 33 22 23 27 32 22 20 35
leaf_count=28 20 33 22 23 27 32 22 20 35
internal_value=-6.89605e-11 0.010885 0.020021 0.0289631 0.0647344 -0.036646 0.0108968 0.0232757 0.00665673
internal_weight=262 202 169 149 50 60 99 77 57
internal_count=262 202 169 149 50 60 99 77 57
is_linear=0
shrinkage=0.1


Tree=16
num_leaves=9
num_cat=0
split_feature=7 0 2 1 3 4 3 3
split_gain=8.52877 8.64528 10.417 7.41093 7.83546 4.54766 3.21291 2.03509
threshold=9.3800000000000008 7.6000000000000005 8.0500000000000025 0.45000000000000007 3.5000000000000004 0.88499999999999901 3.5000000000000004 1.5000000000000002
decision_type=2 2 2 2 2 2 2 2
left_child=6 -2 -3 4 7 -5 -1 -4
right_child=1 2 3 5 -6 -7 -8 -9
leaf_value=-0.05167146540574126 -0.036540635521797572 0.082903196154670289 0.021266045363154264 0.0022809505462646484 0.06423169367015362 -0.055704439466907868 -0.001923995640827343 -0.01736552159488201
leaf_weight=37 34 22 30 38 35 21 20 25
leaf_count=37 34 22 30 38 35 21 20 25
internal_value=2.52915e-10 0.00951378 0.0186708 0.00918682 0.0272439 -0.0183579 -0.0342162 0.00370624
internal_weight=262 205 171 149 90 59 57 55
internal_count=262 205 171 149 90 59 57 55
is_linear=0
shrinkage=0.1


Tree=17
num_leaves=10
num_cat=0
split_feature=4 1 5 3 3 5 0 7 3
split_gain=8.1828 6.25996 7.26365 6.38075 23.2366 4.42555 4.90826 5.69675 4.23026
threshold=-1.5650000000000011 4.7000000000000011 5.7550000000000017 3.5000000000000004 4.5000000000000009 26.610000000000003 22.950000000000003 10.905000000000003 2.5000000000000004
decision_type=2 2 2 2 2 2 2 2 2
left_child=8 2 -2 5 -5 6 7 -4 -1
right_child=1 -3 3 4 -6 -7 -8 -9 -10
leaf_value=-0.060812484898737501 -0.039175779148936274 -0.030206251799157171 0.046520515192638751 0.12798678561964114 -0.008794185546813188 -0.029255300099876799 0.064223668891936536 -0.018418521492608957 -0.0075887936371145772
leaf_weight=28 20 33 22 23 27 22 20 35 32
leaf_count=28 20 33 22 23 27 22 20 35 32
internal_value=1.95507e-10 0.00963164 0.0174106 0.0250061 0.0541251 0.0102996 0.021601 0.00664567 -0.0324265
internal_weight=262 202 169 149 50 99 77 57 60
internal_count=262 202 169 149 50 99 77 57 60
is_linear=0
shrinkage=0.1


Tree=18
num_leaves=9
num_cat=0
split_feature=5 3 5 4 2 4 7 7
split_gain=6.89662 7.30247 7.23636 5.71847 3.68237 3.64439 4.89036 4.30753
threshold=24.475000000000005 3.5000000000000004 27.515000000000004 -1.5650000000000011 12.250000000000002 0.76500000000000068 11.180000000000001 12.525000000000002
decision_type=2 2 2 2 2 2 2 2
left_child=3 2 -2 4 -1 6 -5 -7
right_child=1 -3 -4 5 -6 7 -8 -9
leaf_value=-0.010827303526734579 0.041071834951639179 0.068367431441751822 -0.035014208346605305 0.039891205237884274 -0.068166921008378276 -0.040160589725584596 -0.01191789801631655 0.010373810037309604
leaf_weight=21 25 26 25 38 24 37 35 31
leaf_count=21 25 26 25 38 24 37 35 31
internal_value=2.44761e-10 0.0253815 0.00302881 -0.0103709 -0.0414084 -0.00046535 0.0150512 -0.0171228
internal_weight=262 76 50 186 45 141 73 68
internal_count=262 76 50 186 45 141 73 68
is_linear=0
shrinkage=0.1


Tree=19
num_leaves=10
num_cat=0
split_feature=7 4 4 2 0 7 7 7 4
split_gain=6.25173 4.5265 8.20209 5.59005 8.8641 5.05859 4.89283 3.74704 7.29468
threshold=20.735000000000003 1.5699999999999983 -0.70999999999999897 15.050000000000002 7.6000000000000005 11.180000000000001 11.305000000000001 22.320000000000004 1.277500000000001
decision_type=2 2 2 2 2 2 2 2 2
left_child=1 2 3 4 -1 -6 -4 -2 -9
right_child=7 -3 6 -5 5 -7 -8 8 -10
leaf_value=-0.062031102241016926 0.061209251057533991 -0.040094713214784861 0.052774992887862027 -0.064310718262973049 0.052166650613600568 -0.015647185458378357 -0.0006234952273803788 -0.028166385305424532 0.050643822502182884
leaf_weight=20 21 38 32 23 22 22 37 24 23
leaf_count=20 21 38 32 23 22 22 37 24 23
internal_value=-1.61026e-10 -0.00914541 -0.00160647 -0.0220269 -0.00683115 0.0182597 0.024141 0.0260913 0.0104003
internal_weight=262 194 156 87 64 44 69 68 47
internal_count=262 194 156 87 64 44 69 68 47
is_linear=0
shrinkage=0.1


Tree=20
num_leaves=11
num_cat=0
split_feature=1 0 2 3 3 4 3 2 2 5
split_gain=5.73228 8.18528 8.10495 7.00502 6.18168 6.17398 2.6133 4.78865 1.91313 1.68775
threshold=8.2500000000000018 10.800000000000002 8.8500000000000032 3.5000000000000004 1.5000000000000002 0.79999999999999905 1.5000000000000002 13.15 7.1000000000000005 23.250000000000004
decision_type=2 2 2 2 2 2 2 2 2 2
left_child=1 4 -3 6 -1 -5 9 -8 -6 -4
right_child=-2 2 3 5 8 -7 7 -9 -10 -11
leaf_value=0.021070577651262287 -0.035369837742585404 0.071681239331762001 0.030969297845980955 0.074145871520042414 -0.025134348443576267 -0.00039661824237555268 -0.057603938464837329 0.0057872743274156868 -0.067819585651159295 -0.008241614185111679
leaf_weight=20 39 24 21 25 21 20 22 26 21 23
leaf_count=20 39 24 21 25 21 20 22 26 21 23
internal_value=1.79333e-10 0.00618576 0.0180748 0.00868391 -0.0246874 0.0410159 -0.00713065 -0.023267 -0.046477 0.0104727
internal_weight=262 223 161 137 62 45 92 48 42 44
internal_count=262 223 161 137 62 45 92 48 42 44
is_linear=0
shrinkage=0.1


Tree=21
num_leaves=10
num_cat=0
split_feature=2 0 3 5 4 5 4 7 0
split_gain=5.08875 8.41105 6.72297 4.54185 3.02182 6.52461 5.75239 7.36555 2.10256
threshold=16.950000000000003 23.500000000000004 3.5000000000000004 27.345000000000002 -1.3100000000000007 13.348750000000003 1.1950000000000005 11.180000000000001 22.200000000000006
decision_type=2 2 2 2 2 2 2 2 2
left_child=1 4 3 -3 5 -1 7 -6 -2
right_child=8 2 -4 -5 6 -7 -8 -9 -10
leaf_value=-0.071134640648961064 -0.010605174472089857 0.042375468997353755 0.084255124926567088 -0.019632186882552648 0.050370560296707681 0.0054952980279922492 -0.031165615808876126 -0.015035651714512797 -0.053526535896318297
leaf_weight=20 25 27 20 21 36 25 34 33 21
leaf_count=20 25 27 20 21 36 25 34 33 21
internal_value=-5.48752e-11 0.00643142 0.0355436 0.0152471 -0.00694444 -0.0285625 0.00250032 0.0190893 -0.0301997
internal_weight=262 216 68 48 148 45 103 69 46
internal_count=262 216 68 48 148 45 103 69 46
is_linear=0
shrinkage=0.1


Tree=22
num_leaves=11
num_cat=0
split_feature=1 0 2 3 3 4 3 2 2 5
split_gain=4.67104 6.36842 6.34145 5.1983 4.68274 4.30685 2.17583 4.05912 1.34124 1.31425
threshold=8.2500000000000018 10.800000000000002 8.8500000000000032 3.5000000000000004 1.5000000000000002 0.79999999999999905 1.5000000000000002 13.15 7.1000000000000005 23.250000000000004
decision_type=2 2 2 2 2 2 2 2 2 2
left_child=1 4 -3 6 -1 -5 9 -8 -6 -4
right_child=-2 2 3 5 8 -7 7 -9 -10 -11
leaf_value=0.018177552893757821 -0.031928343734948732 0.063487989393373342 0.028290314386997906 0.063286794960498813 -0.022742620962006705 0.0010279585095122456 -0.052196557184850625 0.0061666043654370773 -0.058482983637423748 -0.0063109865331131484
leaf_weight=20 39 24 21 25 21 20 22 26 21 23
leaf_count=20 39 24 21 25 21 20 22 26 21 23
internal_value=4.29648e-10 0.00558388 0.0160708 0.00776409 -0.0216482 0.0356162 -0.00585922 -0.0205832 -0.0406128 0.0102033
internal_weight=262 223 161 137 62 45 92 48 42 44
internal_count=262 223 161 137 62 45 92 48 42 44
is_linear=0
shrinkage=0.1


Tree=23
num_leaves=11
num_cat=0
split_feature=3 3 2 7 2 2 4 5 0 4
split_gain=4.78566 14.3257 14.2313 5.11255 3.88172 3.88331 2.47414 2.13682 5.18948 3.05786
threshold=4.5000000000000009 3.5000000000000004 12.550000000000002 8.0300000000000011 6.8500000000000005 8.4500000000000011 -0.2150000000000005 27.515000000000004 23.700000000000006 0.41500000000000009
decision_type=2 2 2 2 2 2 2 2 2 2
left_child=1 3 -3 -1 -5 -6 -2 8 9 -7
right_child=6 2 -4 4 5 7 -8 -9 -10 -11
leaf_value=-0.050611906323541449 -0.0070649698376655584 0.11137873015326004 -0.0039606772130355242 -0.041120065152645116 0.044513413106853313 0.011107038842006164 -0.055052179736750466 -0.030198888108134272 0.042900685210210773 -0.032631142112997273
leaf_weight=23 22 23 20 20 22 33 21 21 26 31
leaf_count=23 22 23 20 20 22 33 21 21 26 31
internal_value=4.56863e-10 0.0059887 0.0577325 -0.00665325 -4.50861e-05 0.0061316 -0.0305006 -0.0014756 0.0052265 -0.0100786
internal_weight=262 219 43 176 153 133 43 111 90 64
internal_count=262 219 43 176 153 133 43 111 90 64
is_linear=0
shrinkage=0.1


Tree=24
num_leaves=10
num_cat=0
split_feature=7 4 4 2 0 7 7 1 2
split_gain=4.3244 4.9037 5.68566 3.83381 4.81579 3.80718 3.41417 2.57273 2.93623
threshold=20.080000000000002 1.5699999999999983 -0.70999999999999897 15.050000000000002 7.6000000000000005 11.180000000000001 11.305000000000001 1.0000000180025095e-35 13.500000000000002
decision_type=2 2 2 2 2 2 2 2 2
left_child=1 2 3 4 -1 -6 -4 8 -2
right_child=7 -3 6 -5 5 -7 -8 -9 -10
leaf_value=-0.045308556780219084 0.064587373379617938 -0.042598764466888768 0.045158058917149906 -0.052223140693715087 0.043287861753593795 -0.01554299152710221 -0.0010356504470109939 0.00090815929595280346 0.01040039073675871
leaf_weight=20 20 34 32 23 22 22 32 37 20
leaf_count=20 20 34 32 23 22 22 32 37 20
internal_value=1.10195e-10 -0.00828842 -0.000562908 -0.0172059 -0.00462162 0.0138724 0.0220612 0.0199137 0.0374939
internal_weight=262 185 151 87 64 44 64 77 40
internal_count=262 185 151 87 64 44 64 77 40
is_linear=0
shrinkage=0.1


Tree=25
num_leaves=10
num_cat=0
split_feature=3 3 2 7 3 3 2 4 2
split_gain=3.89784 11.2982 11.3853 3.97011 2.60994 2.42286 2.35167 3.22051 2.26532
threshold=4.5000000000000009 3.5000000000000004 12.550000000000002 9.3800000000000008 1.5000000000000002 1.0000000180025095e-35 13.15 0.70500000000000063 11.65
decision_type=2 2 2 2 2 2 2 2 2
left_child=1 3 -3 -1 5 -5 7 -6 -2
right_child=8 2 -4 4 6 -7 -8 -9 -10
leaf_value=-0.03493283768058629 -0.05214022658765316 0.099340076420618151 -0.0038238771073520182 -0.0020515873389584677 -0.050098058457175888 0.036019272828707476 0.013488195031881334 0.0022670505811338841 -0.0061230244843856153
leaf_weight=37 20 23 20 35 24 32 25 23 23
leaf_count=37 20 23 20 35 24 32 25 23 23
internal_value=-2.43139e-10 0.00540472 0.0513568 -0.00582222 0.00192665 0.0161315 -0.0112918 -0.0244726 -0.0275264
internal_weight=262 219 43 176 139 67 72 47 43
internal_count=262 219 43 176 139 67 72 47 43
is_linear=0
shrinkage=0.1


Tree=26
num_leaves=10
num_cat=0
split_feature=5 7 5 5 2 3 7 7 2
split_gain=3.75318 7.10379 6.6574 5.15302 5.12664 7.0866 4.55157 4.48693 4.15509
threshold=13.085714285714287 11.180000000000001 16.120000000000005 17.845000000000002 16.950000000000003 3.5000000000000004 22.220000000000002 10.135000000000002 11.950000000000001
decision_type=2 2 2 2 2 2 2 2 2
left_child=1 7 -2 -4 5 6 8 -1 -5
right_child=2 -3 3 4 -6 -7 -8 -9 -10
leaf_value=-0.028085107117891313 0.059042183398692452 -0.066837311807003891 -0.042359340796247126 -0.047967502750132396 -0.025669198948889971 0.053923765710882247 0.037017949970196126 0.03244859374438723 0.0098726206217651033
leaf_weight=25 22 22 24 23 35 37 23 24 27
leaf_count=25 22 22 24 23 35 37 23 24 27
internal_value=-8.10464e-11 -0.0196307 0.00729729 0.000561268 0.00766537 0.0182718 0.000201658 0.00156405 -0.0167338
internal_weight=262 71 191 169 145 110 73 49 50
internal_count=262 71 191 169 145 110 73 49 50
is_linear=0
shrinkage=0.1


Tree=27
num_leaves=11
num_cat=0
split_feature=3 7 2 4 4 0 2 5 4 1
split_gain=3.57546 9.04991 6.74118 2.74393 8.90899 4.74622 4.5166 2.27072 2.075 1.46528
threshold=4.5000000000000009 21.590000000000003 12.65 -0.70999999999999897 1.1950000000000005 10.800000000000002 8.8500000000000032 17.630000000000003 -0.2150000000000005 0.45000000000000007
decision_type=2 2 2 2 2 2 2 2 2 2
left_child=1 3 -3 6 5 -5 -1 -6 -2 -8
right_child=8 2 -4 4 7 -7 9 -9 -10 -11
leaf_value=0.019150726023045454 -0.0049013641747561376 0.084859104056059467 0.0065753636712377718 -0.0022656739112876709 -0.05021609184997422 0.059306593804109492 -0.014470275254412133 -0.0056113840788602834 -0.048847629839465737 -0.047787899399797128
leaf_weight=22 22 22 22 21 21 31 22 25 21 33
leaf_count=22 22 22 22 21 21 31 22 25 21 33
internal_value=5.04318e-11 0.00517639 0.0457172 -0.00501673 0.00608268 0.0344409 -0.0191433 -0.0259744 -0.0263635 -0.0344608
internal_weight=262 219 44 175 98 52 77 46 43 55
internal_count=262 219 44 175 98 52 77 46 43 55
is_linear=0
shrinkage=0.1


Tree=28
num_leaves=10
num_cat=0
split_feature=5 5 7 2 5 2 3 2 0
split_gain=2.9422 5.95878 5.88294 4.03071 3.85645 3.72371 6.33373 3.35198 2.98193
threshold=13.085714285714287 16.120000000000005 11.180000000000001 6.8500000000000005 17.845000000000002 16.950000000000003 3.5000000000000004 13.950000000000001 24.200000000000006
decision_type=2 2 2 2 2 2 2 2 2
left_child=2 -2 3 -1 -3 6 7 8 -6
right_child=1 4 -4 -5 5 -7 -8 -9 -10
leaf_value=-0.029866585135459901 0.055415644242682242 -0.037042175047099592 -0.060339974341067408 0.027796233348824362 -0.045441961847245693 -0.022175787628761361 0.048978303171492911 0.033072868920862676 0.0034924643396428141
leaf_weight=22 22 24 22 27 20 35 37 20 33
leaf_count=22 22 24 22 27 20 35 37 20 33
internal_value=3.02147e-10 0.00646097 -0.0173809 0.0019068 8.8177e-05 0.00623389 0.0152733 -0.00181001 -0.0149734
internal_weight=262 191 71 49 169 145 110 73 53
internal_count=262 191 71 49 169 145 110 73 53
is_linear=0
shrinkage=0.1


Tree=29
num_leaves=11
num_cat=0
split_feature=3 3 4 7 3 7 2 0 2 2
split_gain=3.29234 7.83819 8.08084 2.613 2.74952 2.2499 2.13793 2.02461 1.764 1.45264
threshold=4.5000000000000009 3.5000000000000004 -1.0349999999999964 8.0300000000000011 1.5000000000000002 16.330000000000002 14.550000000000002 19.950000000000003 9.7500000000000018 9.2500000000000018
decision_type=2 2 2 2 2 2 2 2 2 2
left_child=1 3 -3 -1 5 9 8 -2 -6 -5
right_child=7 2 -4 4 6 -7 -8 -9 -10 -11
leaf_value=-0.035810333879097649 -0.005063918751219045 -0.0032466499693691734 0.08366612769339396 0.01081387737677211 -0.0062571542998475409 -0.0057850110926665373 0.014705323924620949 -0.048567572236061098 -0.041219480997986266 0.048008869091669723
leaf_weight=23 23 20 23 21 31 32 21 20 27 21
leaf_count=23 23 20 23 21 31 32 21 20 27 21
internal_value=1.35077e-10 0.00496722 0.0432416 -0.0043839 0.000340336 0.0141913 -0.012634 -0.0252982 -0.0225327 0.0294114
internal_weight=262 219 43 176 153 74 79 43 58 42
internal_count=262 219 43 176 153 74 79 43 58 42
is_linear=0
shrinkage=0.1


Tree=30
num_leaves=11
num_cat=0
split_feature=3 7 2 7 7 4 7 1 2 4
split_gain=2.66679 7.15488 5.53624 2.54722 3.71109 4.92018 4.43433 6.30927 1.90459 1.2527
threshold=4.5000000000000009 21.590000000000003 12.65 19.040000000000003 9.3800000000000008 1.1950000000000005 11.180000000000001 0.15000000000000005 11.65 -0.70999999999999897
decision_type=2 2 2 2 2 2 2 2 2 2
left_child=1 3 -3 4 9 6 -6 -8 -2 -1
right_child=8 2 -4 -5 5 -7 7 -9 -10 -11
leaf_value=-0.03447710967832996 -0.045337519198656084 0.075989354994486683 0.0050460740669884471 -0.035607835196930435 0.052677718686560793 -0.033214242309331891 -0.028935253923689883 0.041531989350914955 -0.0031430034533790918 -0.0023765987763181332
leaf_weight=31 20 22 22 23 30 20 27 24 23 20
leaf_count=31 20 22 22 23 30 20 27 24 23 20
internal_value=-2.38163e-11 0.0044705 0.0405177 -0.0045928 0.000100265 0.0112036 0.022171 0.0042258 -0.0227684 -0.0218887
internal_weight=262 219 44 175 152 101 81 51 43 51
internal_count=262 219 44 175 152 101 81 51 43 51
is_linear=0
shrinkage=0.1


Tree=31
num_leaves=11
num_cat=0
split_feature=0 1 0 0 4 3 5 1 6 2
split_gain=2.55321 4.43544 3.92076 4.25236 2.78192 2.76096 1.75041 2.40868 3.42887 0.838466
threshold=10.800000000000002 0.45000000000000007 16.350000000000005 23.500000000000004 1.4299999999999999 1.5000000000000002 17.845000000000002 1.5000000000000002 62.000000000000007 7.1000000000000005
decision_type=2 2 2 2 2 2 2 2 2 2
left_child=5 2 -2 -4 -5 -1 -3 -8 -9 -7
right_child=1 6 3 4 -6 9 7 8 -10 -11
leaf_value=0.01206083492863746 0.060211223401129249 -0.032104973156936466 -0.013996534472381748 0.058183524881800022 0.0060713462531566623 -0.018218403189842188 -0.0286255875804826 0.038086050075192668 -0.013012534765333967 -0.046476835686536065
leaf_weight=21 20 25 37 21 20 21 23 24 29 21
leaf_count=21 20 25 37 21 20 21 23 24 29 21
internal_value=2.88483e-11 0.00555438 0.0207105 0.0105822 0.0327629 -0.0175448 -0.0091516 -0.00160114 0.0101264 -0.0323476
internal_weight=262 199 98 78 41 63 101 76 53 42
internal_count=262 199 98 78 41 63 101 76 53 42
is_linear=0
shrinkage=0.1


Tree=32
num_leaves=8
num_cat=0
split_feature=1 0 2 3 2 5 7
split_gain=2.20211 3.68231 3.52024 2.71941 2.13499 1.57881 1.9914
threshold=0.8500000000000002 7.6000000000000005 8.8500000000000032 3.5000000000000004 14.300000000000002 17.845000000000002 16.675000000000004
decision_type=2 2 2 2 2 2 2
left_child=1 -1 -3 4 -4 -2 -7
right_child=5 2 3 -5 -6 6 -8
leaf_value=-0.020031666794889852 -0.029572613763086727 0.049078253507614134 -0.025143572452167667 0.027639259130526811 0.012583422753183793 0.01363428216959749 -0.020880727528128775
leaf_weight=38 33 25 30 39 30 35 32
leaf_count=38 33 25 30 39 30 35 32
internal_value=-1.70002e-10 0.00720296 0.0155491 0.00708209 -0.00628007 -0.0116688 -0.0028505
internal_weight=262 162 124 99 60 100 67
internal_count=262 162 124 99 60 100 67
is_linear=0
shrinkage=0.1


Tree=33
num_leaves=11
num_cat=0
split_feature=3 3 2 2 2 7 5 2 7 3
split_gain=2.28274 5.96843 7.4604 2.70712 4.73509 2.6418 3.30268 2.63883 2.13457 0.764115
threshold=4.5000000000000009 3.5000000000000004 12.550000000000002 6.8500000000000005 8.4500000000000011 13.245000000000003 27.515000000000004 14.550000000000002 18.260000000000002 1.5000000000000002
decision_type=2 2 2 2 2 2 2 2 2 2
left_child=1 3 -3 -1 -5 9 7 -7 -2 -6
right_child=8 2 -4 4 5 6 -8 -9 -10 -11
leaf_value=-0.036836882206526672 -0.00028873591319374418 0.076376490610773159 -0.0071331085264682769 0.041474071331322193 -0.013534136244962955 0.0001778544800698809 -0.030272696791216733 0.044137823378497906 -0.04495812490582466 -0.037941347686168941
leaf_weight=22 23 23 20 24 29 36 20 22 20 23
leaf_count=22 23 23 20 24 29 36 20 22 20 23
internal_value=-5.83743e-11 0.00413609 0.0375348 -0.00402383 0.000663751 -0.00687046 0.00476899 0.0168523 -0.0210652 -0.0243296
internal_weight=262 219 43 176 154 130 78 58 43 52
internal_count=262 219 43 176 154 130 78 58 43 52
is_linear=0
shrinkage=0.1


Tree=34
num_leaves=10
num_cat=0
split_feature=5 5 7 2 5 2 3 7 2
split_gain=2.03474 5.01914 4.43775 3.59623 2.89014 2.6708 4.55996 2.62095 3.11424
threshold=13.085714285714287 16.120000000000005 11.180000000000001 6.8500000000000005 17.845000000000002 16.950000000000003 3.5000000000000004 22.220000000000002 11.950000000000001
decision_type=2 2 2 2 2 2 2 2 2
left_child=2 -2 3 -1 -3 6 7 8 -6
right_child=1 4 -4 -5 5 -7 -8 -9 -10
leaf_value=-0.027714256976138465 0.050302334671670751 -0.032619387221833072 -0.051765268922529445 0.026752149982860796 -0.041886588720523796 -0.019215655662119389 0.041098635019482799 0.025942461099475622 0.0081877341079504094
leaf_weight=22 22 24 22 27 23 35 37 23 27
leaf_count=22 22 24 22 27 23 35 37 23 27
internal_value=-6.71887e-11 0.00537299 -0.0144541 0.00229784 -0.000475798 0.00484452 0.0125 -0.00199515 -0.0148465
internal_weight=262 191 71 49 169 145 110 73 50
internal_count=262 191 71 49 169 145 110 73 50
is_linear=0
shrinkage=0.1


end of trees

feature_importances:
weekday=73
shortwave_radiation_sum=52
wind_speed_10m_mean=46
temp_diff=40
temp_10d_avg=34
precipitation_sum=32
temperature_2m_mean=31
weather_code=2

parameters:
[boosting: gbdt]
[objective: regression]
[metric: rmse]
[tree_learner: serial]
[device_type: cpu]
[data_sample_strategy: bagging]
[data: ]
[valid: ]
[num_iterations: 100]
[learning_rate: 0.1]
[num_leaves: 31]
[num_threads: 0]
[seed: 42]
[deterministic: 0]
[force_col_wise: 0]
[force_row_wise: 0]
[histogram_pool_size: -1]
[max_depth: -1]
[min_data_in_leaf: 20]
[min_sum_hessian_in_leaf: 0.001]
[bagging_fraction: 1]
[pos_bagging_fraction: 1]
[neg_bagging_fraction: 1]
[bagging_freq: 0]
[bagging_seed: 400]
[bagging_by_query: 0]
[feature_fraction: 1]
[feature_fraction_bynode: 1]
[feature_fraction_seed: 30056]
[extra_trees: 0]
[extra_seed: 12879]
[early_stopping_round: 0]
[early_stopping_min_delta: 0]
[first_metric_only: 0]
[max_delta_step: 0]
[lambda_l1: 0]
[lambda_l2: 0]
[linear_lambda: 0]
[min_gain_to_split: 0]
[drop_rate: 0.1]
[max_drop: 50]
[skip_drop: 0.5]
[xgboost_dart_mode: 0]
[uniform_drop: 0]
[drop_seed: 17869]
[top_rate: 0.2]
[other_rate: 0.1]
[min_data_per_group: 100]
[max_cat_threshold: 32]
[cat_l2: 10]
[cat_smooth: 10]
[max_cat_to_onehot: 4]
[top_k: 20]
[monotone_constraints: ]
[monotone_constraints_method: basic]
[monotone_penalty: 0]
[feature_contri: ]
[forcedsplits_filename: ]
[refit_decay_rate: 0.9]
[cegb_tradeoff: 1]
[cegb_penalty_split: 0]
[cegb_penalty_feature_lazy: ]
[cegb_penalty_feature_coupled: ]
[path_smooth: 0]
[interaction_constraints: ]
[verbosity: -1]
[saved_feature_importance_type: 0]
[use_quantized_grad: 0]
[num_grad_quant_bins: 4]
[quant_train_renew_leaf: 0]
[stochastic_rounding: 1]
[linear_tree: 0]
[max_bin: 255]
[max_bin_by_feature: ]
[min_data_in_bin: 3]
[bin_construct_sample_cnt: 200000]
[data_random_seed: 175]
[is_enable_sparse: 1]
[enable_bundle: 1]
[use_missing: 1]
[zero_as_missing: 0]
[feature_pre_filter: 1]
[pre_partition: 0]
[two_round: 0]
[header: 0]
[label_column: ]
[weight_column: ]
[group_column: ]
[ignore_column: ]
[categorical_feature: ]
[forcedbins_filename: ]
[precise_float_parser: 0]
[parser_config_file: ]
[objective_seed: 16083]
[num_class: 1]
[is_unbalance: 0]
[scale_pos_weight: 1]
[sigmoid: 1]
[boost_from_average: 1]
[reg_sqrt: 0]
[alpha: 0.9]
[fair_c: 1]
[poisson_max_delta_step: 0.7]
[tweedie_variance_power: 1.5]
[lambdarank_truncation_level: 30]
[lambdarank_norm: 1]
[label_gain: ]
[lambdarank_position_bias_regularization: 0]
[eval_at: ]
[multi_error_top_k: 1]
[auc_mu_weights: ]
[num_machines: 1]
[local_listen_port: 12400]
[time_out: 120]
[machine_list_filename: ]
[machines: ]
[gpu_platform_id: -1]
[gpu_device_id: -1]
[gpu_use_dp: 0]
[num_gpu: 1]

end of parameters

pandas_categorical:[]
